TimeStep	 C_HAM	 C_MOM0	 C_MOM1	 C_MOM2	
0	0.000958177	1.74592e-05	1.88545e-05	9.0476e-06
400	0.000899499	5.12088e-05	4.77008e-05	4.64572e-05
800	0.00222667	0.000204622	0.000151556	0.000131958
1200	0.00521911	0.00148688	0.000607887	0.000347224
1600	0.0236303	0.00799376	0.00500593	0.00318299
2000	0.0463823	0.0130974	0.0137816	0.00920017
2400	0.0748205	0.0151705	0.0186497	0.0163137
2800	0.0845696	0.0175476	0.0253419	0.0180005
3200	0.0876501	0.0223813	0.0260926	0.0196846
3600	0.0890584	0.0255532	0.0291865	0.0215545
4000	0.0930573	0.027617	0.0340329	0.0262747
4400	0.0945268	0.0303428	0.0375393	0.0300095
4800	0.096178	0.0345784	0.0407399	0.0321299
5200	0.102729	0.038823	0.04496	0.036192
5600	0.100859	0.0405088	0.045987	0.0380616
6000	0.102991	0.0444254	0.0479501	0.0389108
6400	0.0994617	0.0458644	0.050853	0.0402147
6800	0.102179	0.0477341	0.0522374	0.0422973
7200	0.100556	0.050303	0.0548601	0.0448803
7600	0.102828	0.0538733	0.0574434	0.0481979
8000	0.102684	0.0557989	0.0585251	0.0497239
8400	0.105255	0.0588768	0.058955	0.0511324
8800	0.105459	0.0600465	0.0598269	0.0523616
9200	0.107701	0.0608748	0.0617147	0.0543297
9600	0.106486	0.0616702	0.0625964	0.0553283
10000	0.107852	0.0629736	0.0646149	0.056665
10400	0.110551	0.0641487	0.0660171	0.0574001
10800	0.109474	0.0650121	0.06687	0.0579026
11200	0.109332	0.0654717	0.0676419	0.0580487
11600	0.108713	0.0682705	0.0672912	0.0584982
12000	0.109437	0.0681399	0.0678665	0.0602766
12400	0.108869	0.0697833	0.0676195	0.0603891
12800	0.108157	0.0716214	0.0683266	0.061239
13200	0.109107	0.0728692	0.0677821	0.0619027
13600	0.108998	0.0721354	0.0674792	0.0614985
14000	0.108815	0.0726985	0.0679372	0.0626216
14400	0.108557	0.0722279	0.0682877	0.0621459
14800	0.108818	0.0734403	0.0704857	0.0632109
15200	0.108637	0.0739879	0.0695052	0.0622051
15600	0.10877	0.0770794	0.0707427	0.0642666
16000	0.109117	0.0744626	0.0706932	0.0637216
16400	0.109103	0.0759363	0.0718426	0.0645222
16800	0.10961	0.0737507	0.0718234	0.0623093
17200	0.109819	0.0741413	0.073022	0.0653578
17600	0.110276	0.0731324	0.071493	0.0623471
18000	0.110673	0.0788868	0.0751174	0.0649172
18400	0.11113	0.0742926	0.0726029	0.0631673
18800	0.111553	0.0805967	0.0725789	0.0650504
19200	0.112184	0.0755276	0.0744733	0.0648825
19600	0.112667	0.074509	0.0718298	0.0650709
20000	0.11318	0.0751671	0.0727542	0.0657007
20400	0.113656	0.076778	0.0701677	0.0654908
20800	0.114378	0.0729506	0.0740733	0.0685887
21200	0.114819	0.074097	0.0704825	0.0650201
21600	0.115571	0.0760054	0.0721032	0.0683883
22000	0.116086	0.074959	0.0707982	0.064783
22400	0.116798	0.0760846	0.0747052	0.0689408
22800	0.11745	0.0776314	0.0693197	0.0661985
23200	0.118124	0.0783264	0.0726086	0.0680057
23600	0.11881	0.0730212	0.0714469	0.0670495
24000	0.119582	0.0790756	0.0748543	0.0695466
24400	0.120337	0.0755817	0.0724029	0.0675957
24800	0.121062	0.0763523	0.0719147	0.0704833
25200	0.121939	0.0769909	0.0766245	0.0690684
25600	0.12271	0.0789352	0.0719722	0.068483
26000	0.123538	0.075733	0.0722402	0.071887
26400	0.124381	0.0734979	0.0721051	0.0668048
26800	0.125195	0.0779997	0.0729876	0.0679591
27200	0.126063	0.0744564	0.0728327	0.0713897
27600	0.12699	0.0749526	0.0708655	0.0684249
28000	0.127833	0.0733589	0.0717536	0.0684864
28400	0.128744	0.0737097	0.0710116	0.0701626
28800	0.129574	0.0735456	0.0711615	0.0701358
29200	0.130433	0.070139	0.0731008	0.0713757
29600	0.131349	0.0697549	0.0708083	0.0699449
30000	0.132205	0.0725583	0.0709306	0.0705581
30400	0.133143	0.0692715	0.0728458	0.0727657
30800	0.134103	0.0675602	0.0704233	0.0689122
31200	0.134905	0.0686691	0.07142	0.0699247
31600	0.135924	0.0687328	0.0716978	0.0736895
32000	0.136891	0.0650272	0.0698788	0.0662835
32400	0.137838	0.0657801	0.0725432	0.0731028
32800	0.13887	0.0671658	0.0715309	0.0737642
33200	0.139849	0.0623231	0.0711774	0.0659886
33600	0.140907	0.0633706	0.0737176	0.072961
34000	0.142044	0.0626338	0.072439	0.0715644
34400	0.143102	0.064148	0.0736375	0.0692769
34800	0.144304	0.0609329	0.0749135	0.0740522
35200	0.145481	0.0605207	0.0735588	0.0722655
35600	0.146728	0.0637543	0.0749055	0.0712946
36000	0.148062	0.0614526	0.0727844	0.0737823
36400	0.149447	0.0578235	0.0700273	0.0689213
36800	0.150904	0.0615145	0.0757025	0.0760088
37200	0.152331	0.0603489	0.0706909	0.0710951
37600	0.153828	0.0556582	0.0724017	0.0717127
38000	0.155517	0.0590896	0.0753711	0.079968
38400	0.157021	0.0566958	0.0646485	0.0648013
38800	0.158709	0.0552662	0.0748348	0.0800787
39200	0.160309	0.0568867	0.068808	0.074744
39600	0.161899	0.0537795	0.0648349	0.0644094
40000	0.163596	0.0553951	0.0751584	0.083291
40400	0.165273	0.0527625	0.0631047	0.0641665
40800	0.166888	0.0528548	0.0706505	0.0737182
41200	0.168568	0.0518169	0.0706661	0.0763485
41600	0.170128	0.0518243	0.0652765	0.062598
42000	0.171881	0.0492066	0.0688231	0.072832
42400	0.173649	0.0521026	0.0697354	0.069759
42800	0.175285	0.0498954	0.0627266	0.0596623
43200	0.177149	0.0483102	0.0712258	0.0718405
43600	0.178887	0.0497457	0.0653997	0.0626599
44000	0.180875	0.0501425	0.0635322	0.0612392
44400	0.182965	0.0476917	0.0713949	0.067393
44800	0.184986	0.0508949	0.0575693	0.056073
45200	0.187463	0.0479757	0.0676688	0.0620974
45600	0.189677	0.0479601	0.0608069	0.0597585
46000	0.192339	0.0494844	0.0597832	0.0556821
46400	0.195186	0.0462073	0.0623094	0.0583384
46800	0.197795	0.0478282	0.0571986	0.0547102
47200	0.248087	0.047703	0.0602283	0.0555763
47600	0.299527	0.0456084	0.0567633	0.0521475
48000	0.302095	0.0482324	0.0594192	0.0553533
48400	0.31473	0.0474634	0.0566387	0.052545
48800	0.317472	0.0472472	0.0560306	0.0523897
49200	0.320502	0.0452029	0.0580415	0.0528552
49600	0.358958	0.0475709	0.051735	0.0490138
50000	0.361218	0.0456266	0.0558982	0.0509222
50400	0.364184	0.043611	0.0532125	0.0484047
50800	0.36666	0.0464784	0.0510039	0.0483284
51200	0.388877	0.0458899	0.0542421	0.0491953
51600	0.392491	0.0427967	0.0500485	0.0465441
52000	0.449057	0.0467842	0.0540094	0.0489207
52400	0.454394	0.0451734	0.051338	0.0462467
52800	0.459304	0.0456929	0.0515539	0.0468425
53200	0.464453	0.0473672	0.0519822	0.0485907
53200	0.464453	0.0473672	0.0519822	0.0485907
53600	0.469547	0.0442977	0.0477865	0.0433147
54000	0.473334	0.0494445	0.0525865	0.0507017
54400	0.477692	0.0436735	0.0474742	0.0446362
54800	0.481006	0.0489985	0.0496563	0.0472415
55200	0.484313	0.0501567	0.0522236	0.0512355
55600	0.534323	0.0893475	0.090135	0.0886646
56000	0.831727	0.307222	0.308988	0.306449
56400	0.750793	0.317529	0.314884	0.315001
56800	0.651407	0.259864	0.2566	0.255943
57200	0.618718	0.228164	0.234041	0.231875
57600	0.608387	0.238661	0.245325	0.243146
58000	0.609382	0.203908	0.20871	0.203485
